{
 "cells": [
  {
   "cell_type": "markdown",
   "metadata": {},
   "source": [
    "# TASK 3 - ASSIGNMENT 2\n",
    "\n",
    "* MRUTULA SURESH\n",
    "* 28967828\n",
    "\n",
    "### PACKAGES IMPORTED\n",
    "\n",
    "    * Pandas\n",
    "    * matplotlib\n",
    "    * numpy\n",
    "    * preprocessing from sklearn\n",
    "    * sklearn\n",
    "    * RandomizedSearchCV from sklearn.model_selection\n",
    "    * train_test_split from sklearn.cross_validation\n",
    "    * LinearRegression"
   ]
  },
  {
   "cell_type": "code",
   "execution_count": 67,
   "metadata": {},
   "outputs": [],
   "source": [
    "import pandas as pd\n",
    "import matplotlib.pyplot as plt\n",
    "from sklearn.model_selection import RandomizedSearchCV\n",
    "from sklearn.ensemble import RandomForestRegressor\n",
    "from sklearn.cross_validation import train_test_split\n",
    "from sklearn.linear_model import LinearRegression\n",
    "import numpy as np\n",
    "from sklearn import preprocessing\n"
   ]
  },
  {
   "cell_type": "code",
   "execution_count": 37,
   "metadata": {},
   "outputs": [],
   "source": [
    "# read the dataframe\n",
    "prop = pd.read_csv('dataset3_with_missing.csv')"
   ]
  },
  {
   "cell_type": "code",
   "execution_count": 64,
   "metadata": {},
   "outputs": [
    {
     "data": {
      "text/html": [
       "<div>\n",
       "<style scoped>\n",
       "    .dataframe tbody tr th:only-of-type {\n",
       "        vertical-align: middle;\n",
       "    }\n",
       "\n",
       "    .dataframe tbody tr th {\n",
       "        vertical-align: top;\n",
       "    }\n",
       "\n",
       "    .dataframe thead th {\n",
       "        text-align: right;\n",
       "    }\n",
       "</style>\n",
       "<table border=\"1\" class=\"dataframe\">\n",
       "  <thead>\n",
       "    <tr style=\"text-align: right;\">\n",
       "      <th></th>\n",
       "      <th>id</th>\n",
       "      <th>date</th>\n",
       "      <th>price</th>\n",
       "      <th>bedrooms</th>\n",
       "      <th>bathrooms</th>\n",
       "      <th>sqft_living</th>\n",
       "      <th>sqft_lot</th>\n",
       "      <th>floors</th>\n",
       "      <th>waterfront</th>\n",
       "      <th>view</th>\n",
       "      <th>condition</th>\n",
       "      <th>grade</th>\n",
       "      <th>sqft_above</th>\n",
       "      <th>sqft_basement</th>\n",
       "      <th>yr_built</th>\n",
       "      <th>yr_renovated</th>\n",
       "      <th>zipcode</th>\n",
       "      <th>lat</th>\n",
       "      <th>long</th>\n",
       "    </tr>\n",
       "  </thead>\n",
       "  <tbody>\n",
       "    <tr>\n",
       "      <th>0</th>\n",
       "      <td>1999700045</td>\n",
       "      <td>20140502T000000</td>\n",
       "      <td>313000</td>\n",
       "      <td>3</td>\n",
       "      <td>1.50</td>\n",
       "      <td>1340.0</td>\n",
       "      <td>7912</td>\n",
       "      <td>1.5</td>\n",
       "      <td>0</td>\n",
       "      <td>0</td>\n",
       "      <td>3</td>\n",
       "      <td>7</td>\n",
       "      <td>1340.0</td>\n",
       "      <td>0.0</td>\n",
       "      <td>1955</td>\n",
       "      <td>0</td>\n",
       "      <td>98133</td>\n",
       "      <td>47.7658</td>\n",
       "      <td>-122.339</td>\n",
       "    </tr>\n",
       "    <tr>\n",
       "      <th>1</th>\n",
       "      <td>1860600135</td>\n",
       "      <td>20140502T000000</td>\n",
       "      <td>2384000</td>\n",
       "      <td>5</td>\n",
       "      <td>2.50</td>\n",
       "      <td>3650.0</td>\n",
       "      <td>9050</td>\n",
       "      <td>2.0</td>\n",
       "      <td>0</td>\n",
       "      <td>4</td>\n",
       "      <td>5</td>\n",
       "      <td>10</td>\n",
       "      <td>3370.0</td>\n",
       "      <td>280.0</td>\n",
       "      <td>1921</td>\n",
       "      <td>0</td>\n",
       "      <td>98119</td>\n",
       "      <td>47.6345</td>\n",
       "      <td>-122.367</td>\n",
       "    </tr>\n",
       "    <tr>\n",
       "      <th>2</th>\n",
       "      <td>5467900070</td>\n",
       "      <td>20140502T000000</td>\n",
       "      <td>342000</td>\n",
       "      <td>3</td>\n",
       "      <td>2.00</td>\n",
       "      <td>1930.0</td>\n",
       "      <td>11947</td>\n",
       "      <td>1.0</td>\n",
       "      <td>0</td>\n",
       "      <td>0</td>\n",
       "      <td>4</td>\n",
       "      <td>8</td>\n",
       "      <td>1930.0</td>\n",
       "      <td>0.0</td>\n",
       "      <td>1966</td>\n",
       "      <td>0</td>\n",
       "      <td>98042</td>\n",
       "      <td>47.3672</td>\n",
       "      <td>-122.151</td>\n",
       "    </tr>\n",
       "    <tr>\n",
       "      <th>3</th>\n",
       "      <td>4040800810</td>\n",
       "      <td>20140502T000000</td>\n",
       "      <td>420000</td>\n",
       "      <td>3</td>\n",
       "      <td>2.25</td>\n",
       "      <td>2000.0</td>\n",
       "      <td>8030</td>\n",
       "      <td>1.0</td>\n",
       "      <td>0</td>\n",
       "      <td>0</td>\n",
       "      <td>4</td>\n",
       "      <td>8</td>\n",
       "      <td>1000.0</td>\n",
       "      <td>1000.0</td>\n",
       "      <td>1963</td>\n",
       "      <td>0</td>\n",
       "      <td>98008</td>\n",
       "      <td>47.6188</td>\n",
       "      <td>-122.114</td>\n",
       "    </tr>\n",
       "    <tr>\n",
       "      <th>4</th>\n",
       "      <td>7197300105</td>\n",
       "      <td>20140502T000000</td>\n",
       "      <td>550000</td>\n",
       "      <td>4</td>\n",
       "      <td>2.50</td>\n",
       "      <td>1940.0</td>\n",
       "      <td>10500</td>\n",
       "      <td>1.0</td>\n",
       "      <td>0</td>\n",
       "      <td>0</td>\n",
       "      <td>4</td>\n",
       "      <td>7</td>\n",
       "      <td>1140.0</td>\n",
       "      <td>800.0</td>\n",
       "      <td>1976</td>\n",
       "      <td>0</td>\n",
       "      <td>98052</td>\n",
       "      <td>47.6830</td>\n",
       "      <td>-122.114</td>\n",
       "    </tr>\n",
       "  </tbody>\n",
       "</table>\n",
       "</div>"
      ],
      "text/plain": [
       "           id             date    price  bedrooms  bathrooms  sqft_living  \\\n",
       "0  1999700045  20140502T000000   313000         3       1.50       1340.0   \n",
       "1  1860600135  20140502T000000  2384000         5       2.50       3650.0   \n",
       "2  5467900070  20140502T000000   342000         3       2.00       1930.0   \n",
       "3  4040800810  20140502T000000   420000         3       2.25       2000.0   \n",
       "4  7197300105  20140502T000000   550000         4       2.50       1940.0   \n",
       "\n",
       "   sqft_lot  floors  waterfront  view  condition  grade  sqft_above  \\\n",
       "0      7912     1.5           0     0          3      7      1340.0   \n",
       "1      9050     2.0           0     4          5     10      3370.0   \n",
       "2     11947     1.0           0     0          4      8      1930.0   \n",
       "3      8030     1.0           0     0          4      8      1000.0   \n",
       "4     10500     1.0           0     0          4      7      1140.0   \n",
       "\n",
       "   sqft_basement  yr_built  yr_renovated  zipcode      lat     long  \n",
       "0            0.0      1955             0    98133  47.7658 -122.339  \n",
       "1          280.0      1921             0    98119  47.6345 -122.367  \n",
       "2            0.0      1966             0    98042  47.3672 -122.151  \n",
       "3         1000.0      1963             0    98008  47.6188 -122.114  \n",
       "4          800.0      1976             0    98052  47.6830 -122.114  "
      ]
     },
     "execution_count": 64,
     "metadata": {},
     "output_type": "execute_result"
    }
   ],
   "source": [
    "prop.head()"
   ]
  },
  {
   "cell_type": "markdown",
   "metadata": {},
   "source": [
    "### From the dataframe we can see that sum of  <font color=\"blue\">'sqft_above'</font> and  <font color=\"blue\">'sqft_basement'</font> is equal to  <font color=\"blue\"> 'sqft_living'</font>"
   ]
  },
  {
   "cell_type": "code",
   "execution_count": 38,
   "metadata": {},
   "outputs": [],
   "source": [
    "prop['sqft_living'] = prop['sqft_above'] + prop['sqft_basement']\n",
    "prop['sqft_above'] = prop['sqft_living'] - prop['sqft_basement']\n",
    "prop['sqft_basement'] =  prop['sqft_living'] - prop['sqft_above']"
   ]
  },
  {
   "cell_type": "code",
   "execution_count": 39,
   "metadata": {},
   "outputs": [],
   "source": [
    "# replacing the empty values with 0\n",
    "prop.sqft_above.fillna(0,inplace = True)\n",
    "prop.sqft_basement.fillna(0,inplace = True)\n",
    "prop.sqft_living.fillna(0,inplace = True)"
   ]
  },
  {
   "cell_type": "code",
   "execution_count": 41,
   "metadata": {},
   "outputs": [
    {
     "data": {
      "text/html": [
       "<div>\n",
       "<style scoped>\n",
       "    .dataframe tbody tr th:only-of-type {\n",
       "        vertical-align: middle;\n",
       "    }\n",
       "\n",
       "    .dataframe tbody tr th {\n",
       "        vertical-align: top;\n",
       "    }\n",
       "\n",
       "    .dataframe thead th {\n",
       "        text-align: right;\n",
       "    }\n",
       "</style>\n",
       "<table border=\"1\" class=\"dataframe\">\n",
       "  <thead>\n",
       "    <tr style=\"text-align: right;\">\n",
       "      <th></th>\n",
       "      <th>id</th>\n",
       "      <th>price</th>\n",
       "      <th>bedrooms</th>\n",
       "      <th>bathrooms</th>\n",
       "      <th>sqft_living</th>\n",
       "      <th>sqft_lot</th>\n",
       "      <th>floors</th>\n",
       "      <th>waterfront</th>\n",
       "      <th>view</th>\n",
       "      <th>condition</th>\n",
       "      <th>grade</th>\n",
       "      <th>sqft_above</th>\n",
       "      <th>sqft_basement</th>\n",
       "      <th>yr_built</th>\n",
       "      <th>yr_renovated</th>\n",
       "      <th>zipcode</th>\n",
       "      <th>lat</th>\n",
       "      <th>long</th>\n",
       "    </tr>\n",
       "  </thead>\n",
       "  <tbody>\n",
       "    <tr>\n",
       "      <th>id</th>\n",
       "      <td>1.000000</td>\n",
       "      <td>-0.014564</td>\n",
       "      <td>0.008047</td>\n",
       "      <td>0.020793</td>\n",
       "      <td>0.002508</td>\n",
       "      <td>-0.132662</td>\n",
       "      <td>0.017907</td>\n",
       "      <td>0.002519</td>\n",
       "      <td>0.018262</td>\n",
       "      <td>-0.022431</td>\n",
       "      <td>0.018304</td>\n",
       "      <td>0.000934</td>\n",
       "      <td>0.003423</td>\n",
       "      <td>0.021646</td>\n",
       "      <td>-0.011291</td>\n",
       "      <td>-0.015532</td>\n",
       "      <td>-0.000766</td>\n",
       "      <td>0.036036</td>\n",
       "    </tr>\n",
       "    <tr>\n",
       "      <th>price</th>\n",
       "      <td>-0.014564</td>\n",
       "      <td>1.000000</td>\n",
       "      <td>0.289969</td>\n",
       "      <td>0.519208</td>\n",
       "      <td>0.660720</td>\n",
       "      <td>0.073965</td>\n",
       "      <td>0.282874</td>\n",
       "      <td>0.245278</td>\n",
       "      <td>0.395862</td>\n",
       "      <td>0.050571</td>\n",
       "      <td>0.678502</td>\n",
       "      <td>0.567170</td>\n",
       "      <td>0.293586</td>\n",
       "      <td>0.053865</td>\n",
       "      <td>0.131691</td>\n",
       "      <td>-0.056634</td>\n",
       "      <td>0.321565</td>\n",
       "      <td>0.027493</td>\n",
       "    </tr>\n",
       "    <tr>\n",
       "      <th>bedrooms</th>\n",
       "      <td>0.008047</td>\n",
       "      <td>0.289969</td>\n",
       "      <td>1.000000</td>\n",
       "      <td>0.514071</td>\n",
       "      <td>0.536959</td>\n",
       "      <td>0.028608</td>\n",
       "      <td>0.186265</td>\n",
       "      <td>-0.012804</td>\n",
       "      <td>0.069658</td>\n",
       "      <td>0.037802</td>\n",
       "      <td>0.347806</td>\n",
       "      <td>0.430962</td>\n",
       "      <td>0.295375</td>\n",
       "      <td>0.179440</td>\n",
       "      <td>-0.006293</td>\n",
       "      <td>-0.168333</td>\n",
       "      <td>-0.020569</td>\n",
       "      <td>0.140035</td>\n",
       "    </tr>\n",
       "    <tr>\n",
       "      <th>bathrooms</th>\n",
       "      <td>0.020793</td>\n",
       "      <td>0.519208</td>\n",
       "      <td>0.514071</td>\n",
       "      <td>1.000000</td>\n",
       "      <td>0.757942</td>\n",
       "      <td>0.089978</td>\n",
       "      <td>0.518234</td>\n",
       "      <td>0.049306</td>\n",
       "      <td>0.170353</td>\n",
       "      <td>-0.117930</td>\n",
       "      <td>0.680954</td>\n",
       "      <td>0.680884</td>\n",
       "      <td>0.282901</td>\n",
       "      <td>0.514762</td>\n",
       "      <td>0.028738</td>\n",
       "      <td>-0.244012</td>\n",
       "      <td>0.006813</td>\n",
       "      <td>0.279304</td>\n",
       "    </tr>\n",
       "    <tr>\n",
       "      <th>sqft_living</th>\n",
       "      <td>0.002508</td>\n",
       "      <td>0.660720</td>\n",
       "      <td>0.536959</td>\n",
       "      <td>0.757942</td>\n",
       "      <td>1.000000</td>\n",
       "      <td>0.154349</td>\n",
       "      <td>0.380403</td>\n",
       "      <td>0.079852</td>\n",
       "      <td>0.255270</td>\n",
       "      <td>-0.064789</td>\n",
       "      <td>0.734757</td>\n",
       "      <td>0.876505</td>\n",
       "      <td>0.410065</td>\n",
       "      <td>0.337740</td>\n",
       "      <td>0.035068</td>\n",
       "      <td>-0.203782</td>\n",
       "      <td>0.049552</td>\n",
       "      <td>0.243258</td>\n",
       "    </tr>\n",
       "    <tr>\n",
       "      <th>sqft_lot</th>\n",
       "      <td>-0.132662</td>\n",
       "      <td>0.073965</td>\n",
       "      <td>0.028608</td>\n",
       "      <td>0.089978</td>\n",
       "      <td>0.154349</td>\n",
       "      <td>1.000000</td>\n",
       "      <td>0.001695</td>\n",
       "      <td>0.012080</td>\n",
       "      <td>0.042599</td>\n",
       "      <td>-0.014156</td>\n",
       "      <td>0.106982</td>\n",
       "      <td>0.165490</td>\n",
       "      <td>0.006072</td>\n",
       "      <td>0.061644</td>\n",
       "      <td>0.000736</td>\n",
       "      <td>-0.135944</td>\n",
       "      <td>-0.082236</td>\n",
       "      <td>0.219642</td>\n",
       "    </tr>\n",
       "    <tr>\n",
       "      <th>floors</th>\n",
       "      <td>0.017907</td>\n",
       "      <td>0.282874</td>\n",
       "      <td>0.186265</td>\n",
       "      <td>0.518234</td>\n",
       "      <td>0.380403</td>\n",
       "      <td>0.001695</td>\n",
       "      <td>1.000000</td>\n",
       "      <td>0.026699</td>\n",
       "      <td>0.023394</td>\n",
       "      <td>-0.270688</td>\n",
       "      <td>0.477359</td>\n",
       "      <td>0.553795</td>\n",
       "      <td>-0.261527</td>\n",
       "      <td>0.488938</td>\n",
       "      <td>0.001527</td>\n",
       "      <td>-0.097657</td>\n",
       "      <td>0.025549</td>\n",
       "      <td>0.180657</td>\n",
       "    </tr>\n",
       "    <tr>\n",
       "      <th>waterfront</th>\n",
       "      <td>0.002519</td>\n",
       "      <td>0.245278</td>\n",
       "      <td>-0.012804</td>\n",
       "      <td>0.049306</td>\n",
       "      <td>0.079852</td>\n",
       "      <td>0.012080</td>\n",
       "      <td>0.026699</td>\n",
       "      <td>1.000000</td>\n",
       "      <td>0.378977</td>\n",
       "      <td>0.012832</td>\n",
       "      <td>0.076015</td>\n",
       "      <td>0.052707</td>\n",
       "      <td>0.065491</td>\n",
       "      <td>-0.024224</td>\n",
       "      <td>0.079225</td>\n",
       "      <td>0.044026</td>\n",
       "      <td>-0.020109</td>\n",
       "      <td>-0.048514</td>\n",
       "    </tr>\n",
       "    <tr>\n",
       "      <th>view</th>\n",
       "      <td>0.018262</td>\n",
       "      <td>0.395862</td>\n",
       "      <td>0.069658</td>\n",
       "      <td>0.170353</td>\n",
       "      <td>0.255270</td>\n",
       "      <td>0.042599</td>\n",
       "      <td>0.023394</td>\n",
       "      <td>0.378977</td>\n",
       "      <td>1.000000</td>\n",
       "      <td>0.051365</td>\n",
       "      <td>0.248183</td>\n",
       "      <td>0.134374</td>\n",
       "      <td>0.274003</td>\n",
       "      <td>-0.057552</td>\n",
       "      <td>0.092071</td>\n",
       "      <td>0.104776</td>\n",
       "      <td>-0.008092</td>\n",
       "      <td>-0.094688</td>\n",
       "    </tr>\n",
       "    <tr>\n",
       "      <th>condition</th>\n",
       "      <td>-0.022431</td>\n",
       "      <td>0.050571</td>\n",
       "      <td>0.037802</td>\n",
       "      <td>-0.117930</td>\n",
       "      <td>-0.064789</td>\n",
       "      <td>-0.014156</td>\n",
       "      <td>-0.270688</td>\n",
       "      <td>0.012832</td>\n",
       "      <td>0.051365</td>\n",
       "      <td>1.000000</td>\n",
       "      <td>-0.152804</td>\n",
       "      <td>-0.175553</td>\n",
       "      <td>0.198447</td>\n",
       "      <td>-0.385652</td>\n",
       "      <td>-0.065882</td>\n",
       "      <td>0.029359</td>\n",
       "      <td>0.010063</td>\n",
       "      <td>-0.142110</td>\n",
       "    </tr>\n",
       "    <tr>\n",
       "      <th>grade</th>\n",
       "      <td>0.018304</td>\n",
       "      <td>0.678502</td>\n",
       "      <td>0.347806</td>\n",
       "      <td>0.680954</td>\n",
       "      <td>0.734757</td>\n",
       "      <td>0.106982</td>\n",
       "      <td>0.477359</td>\n",
       "      <td>0.076015</td>\n",
       "      <td>0.248183</td>\n",
       "      <td>-0.152804</td>\n",
       "      <td>1.000000</td>\n",
       "      <td>0.729839</td>\n",
       "      <td>0.138700</td>\n",
       "      <td>0.449619</td>\n",
       "      <td>0.004548</td>\n",
       "      <td>-0.195378</td>\n",
       "      <td>0.113571</td>\n",
       "      <td>0.213039</td>\n",
       "    </tr>\n",
       "    <tr>\n",
       "      <th>sqft_above</th>\n",
       "      <td>0.000934</td>\n",
       "      <td>0.567170</td>\n",
       "      <td>0.430962</td>\n",
       "      <td>0.680884</td>\n",
       "      <td>0.876505</td>\n",
       "      <td>0.165490</td>\n",
       "      <td>0.553795</td>\n",
       "      <td>0.052707</td>\n",
       "      <td>0.134374</td>\n",
       "      <td>-0.175553</td>\n",
       "      <td>0.729839</td>\n",
       "      <td>1.000000</td>\n",
       "      <td>-0.079634</td>\n",
       "      <td>0.450717</td>\n",
       "      <td>0.003011</td>\n",
       "      <td>-0.270780</td>\n",
       "      <td>-0.009051</td>\n",
       "      <td>0.351063</td>\n",
       "    </tr>\n",
       "    <tr>\n",
       "      <th>sqft_basement</th>\n",
       "      <td>0.003423</td>\n",
       "      <td>0.293586</td>\n",
       "      <td>0.295375</td>\n",
       "      <td>0.282901</td>\n",
       "      <td>0.410065</td>\n",
       "      <td>0.006072</td>\n",
       "      <td>-0.261527</td>\n",
       "      <td>0.065491</td>\n",
       "      <td>0.274003</td>\n",
       "      <td>0.198447</td>\n",
       "      <td>0.138700</td>\n",
       "      <td>-0.079634</td>\n",
       "      <td>1.000000</td>\n",
       "      <td>-0.154575</td>\n",
       "      <td>0.066912</td>\n",
       "      <td>0.091052</td>\n",
       "      <td>0.119757</td>\n",
       "      <td>-0.161414</td>\n",
       "    </tr>\n",
       "    <tr>\n",
       "      <th>yr_built</th>\n",
       "      <td>0.021646</td>\n",
       "      <td>0.053865</td>\n",
       "      <td>0.179440</td>\n",
       "      <td>0.514762</td>\n",
       "      <td>0.337740</td>\n",
       "      <td>0.061644</td>\n",
       "      <td>0.488938</td>\n",
       "      <td>-0.024224</td>\n",
       "      <td>-0.057552</td>\n",
       "      <td>-0.385652</td>\n",
       "      <td>0.449619</td>\n",
       "      <td>0.450717</td>\n",
       "      <td>-0.154575</td>\n",
       "      <td>1.000000</td>\n",
       "      <td>-0.236215</td>\n",
       "      <td>-0.381669</td>\n",
       "      <td>-0.162305</td>\n",
       "      <td>0.457225</td>\n",
       "    </tr>\n",
       "    <tr>\n",
       "      <th>yr_renovated</th>\n",
       "      <td>-0.011291</td>\n",
       "      <td>0.131691</td>\n",
       "      <td>-0.006293</td>\n",
       "      <td>0.028738</td>\n",
       "      <td>0.035068</td>\n",
       "      <td>0.000736</td>\n",
       "      <td>0.001527</td>\n",
       "      <td>0.079225</td>\n",
       "      <td>0.092071</td>\n",
       "      <td>-0.065882</td>\n",
       "      <td>0.004548</td>\n",
       "      <td>0.003011</td>\n",
       "      <td>0.066912</td>\n",
       "      <td>-0.236215</td>\n",
       "      <td>1.000000</td>\n",
       "      <td>0.085790</td>\n",
       "      <td>0.038138</td>\n",
       "      <td>-0.088824</td>\n",
       "    </tr>\n",
       "    <tr>\n",
       "      <th>zipcode</th>\n",
       "      <td>-0.015532</td>\n",
       "      <td>-0.056634</td>\n",
       "      <td>-0.168333</td>\n",
       "      <td>-0.244012</td>\n",
       "      <td>-0.203782</td>\n",
       "      <td>-0.135944</td>\n",
       "      <td>-0.097657</td>\n",
       "      <td>0.044026</td>\n",
       "      <td>0.104776</td>\n",
       "      <td>0.029359</td>\n",
       "      <td>-0.195378</td>\n",
       "      <td>-0.270780</td>\n",
       "      <td>0.091052</td>\n",
       "      <td>-0.381669</td>\n",
       "      <td>0.085790</td>\n",
       "      <td>1.000000</td>\n",
       "      <td>0.249538</td>\n",
       "      <td>-0.562848</td>\n",
       "    </tr>\n",
       "    <tr>\n",
       "      <th>lat</th>\n",
       "      <td>-0.000766</td>\n",
       "      <td>0.321565</td>\n",
       "      <td>-0.020569</td>\n",
       "      <td>0.006813</td>\n",
       "      <td>0.049552</td>\n",
       "      <td>-0.082236</td>\n",
       "      <td>0.025549</td>\n",
       "      <td>-0.020109</td>\n",
       "      <td>-0.008092</td>\n",
       "      <td>0.010063</td>\n",
       "      <td>0.113571</td>\n",
       "      <td>-0.009051</td>\n",
       "      <td>0.119757</td>\n",
       "      <td>-0.162305</td>\n",
       "      <td>0.038138</td>\n",
       "      <td>0.249538</td>\n",
       "      <td>1.000000</td>\n",
       "      <td>-0.120398</td>\n",
       "    </tr>\n",
       "    <tr>\n",
       "      <th>long</th>\n",
       "      <td>0.036036</td>\n",
       "      <td>0.027493</td>\n",
       "      <td>0.140035</td>\n",
       "      <td>0.279304</td>\n",
       "      <td>0.243258</td>\n",
       "      <td>0.219642</td>\n",
       "      <td>0.180657</td>\n",
       "      <td>-0.048514</td>\n",
       "      <td>-0.094688</td>\n",
       "      <td>-0.142110</td>\n",
       "      <td>0.213039</td>\n",
       "      <td>0.351063</td>\n",
       "      <td>-0.161414</td>\n",
       "      <td>0.457225</td>\n",
       "      <td>-0.088824</td>\n",
       "      <td>-0.562848</td>\n",
       "      <td>-0.120398</td>\n",
       "      <td>1.000000</td>\n",
       "    </tr>\n",
       "  </tbody>\n",
       "</table>\n",
       "</div>"
      ],
      "text/plain": [
       "                     id     price  bedrooms  bathrooms  sqft_living  sqft_lot  \\\n",
       "id             1.000000 -0.014564  0.008047   0.020793     0.002508 -0.132662   \n",
       "price         -0.014564  1.000000  0.289969   0.519208     0.660720  0.073965   \n",
       "bedrooms       0.008047  0.289969  1.000000   0.514071     0.536959  0.028608   \n",
       "bathrooms      0.020793  0.519208  0.514071   1.000000     0.757942  0.089978   \n",
       "sqft_living    0.002508  0.660720  0.536959   0.757942     1.000000  0.154349   \n",
       "sqft_lot      -0.132662  0.073965  0.028608   0.089978     0.154349  1.000000   \n",
       "floors         0.017907  0.282874  0.186265   0.518234     0.380403  0.001695   \n",
       "waterfront     0.002519  0.245278 -0.012804   0.049306     0.079852  0.012080   \n",
       "view           0.018262  0.395862  0.069658   0.170353     0.255270  0.042599   \n",
       "condition     -0.022431  0.050571  0.037802  -0.117930    -0.064789 -0.014156   \n",
       "grade          0.018304  0.678502  0.347806   0.680954     0.734757  0.106982   \n",
       "sqft_above     0.000934  0.567170  0.430962   0.680884     0.876505  0.165490   \n",
       "sqft_basement  0.003423  0.293586  0.295375   0.282901     0.410065  0.006072   \n",
       "yr_built       0.021646  0.053865  0.179440   0.514762     0.337740  0.061644   \n",
       "yr_renovated  -0.011291  0.131691 -0.006293   0.028738     0.035068  0.000736   \n",
       "zipcode       -0.015532 -0.056634 -0.168333  -0.244012    -0.203782 -0.135944   \n",
       "lat           -0.000766  0.321565 -0.020569   0.006813     0.049552 -0.082236   \n",
       "long           0.036036  0.027493  0.140035   0.279304     0.243258  0.219642   \n",
       "\n",
       "                 floors  waterfront      view  condition     grade  \\\n",
       "id             0.017907    0.002519  0.018262  -0.022431  0.018304   \n",
       "price          0.282874    0.245278  0.395862   0.050571  0.678502   \n",
       "bedrooms       0.186265   -0.012804  0.069658   0.037802  0.347806   \n",
       "bathrooms      0.518234    0.049306  0.170353  -0.117930  0.680954   \n",
       "sqft_living    0.380403    0.079852  0.255270  -0.064789  0.734757   \n",
       "sqft_lot       0.001695    0.012080  0.042599  -0.014156  0.106982   \n",
       "floors         1.000000    0.026699  0.023394  -0.270688  0.477359   \n",
       "waterfront     0.026699    1.000000  0.378977   0.012832  0.076015   \n",
       "view           0.023394    0.378977  1.000000   0.051365  0.248183   \n",
       "condition     -0.270688    0.012832  0.051365   1.000000 -0.152804   \n",
       "grade          0.477359    0.076015  0.248183  -0.152804  1.000000   \n",
       "sqft_above     0.553795    0.052707  0.134374  -0.175553  0.729839   \n",
       "sqft_basement -0.261527    0.065491  0.274003   0.198447  0.138700   \n",
       "yr_built       0.488938   -0.024224 -0.057552  -0.385652  0.449619   \n",
       "yr_renovated   0.001527    0.079225  0.092071  -0.065882  0.004548   \n",
       "zipcode       -0.097657    0.044026  0.104776   0.029359 -0.195378   \n",
       "lat            0.025549   -0.020109 -0.008092   0.010063  0.113571   \n",
       "long           0.180657   -0.048514 -0.094688  -0.142110  0.213039   \n",
       "\n",
       "               sqft_above  sqft_basement  yr_built  yr_renovated   zipcode  \\\n",
       "id               0.000934       0.003423  0.021646     -0.011291 -0.015532   \n",
       "price            0.567170       0.293586  0.053865      0.131691 -0.056634   \n",
       "bedrooms         0.430962       0.295375  0.179440     -0.006293 -0.168333   \n",
       "bathrooms        0.680884       0.282901  0.514762      0.028738 -0.244012   \n",
       "sqft_living      0.876505       0.410065  0.337740      0.035068 -0.203782   \n",
       "sqft_lot         0.165490       0.006072  0.061644      0.000736 -0.135944   \n",
       "floors           0.553795      -0.261527  0.488938      0.001527 -0.097657   \n",
       "waterfront       0.052707       0.065491 -0.024224      0.079225  0.044026   \n",
       "view             0.134374       0.274003 -0.057552      0.092071  0.104776   \n",
       "condition       -0.175553       0.198447 -0.385652     -0.065882  0.029359   \n",
       "grade            0.729839       0.138700  0.449619      0.004548 -0.195378   \n",
       "sqft_above       1.000000      -0.079634  0.450717      0.003011 -0.270780   \n",
       "sqft_basement   -0.079634       1.000000 -0.154575      0.066912  0.091052   \n",
       "yr_built         0.450717      -0.154575  1.000000     -0.236215 -0.381669   \n",
       "yr_renovated     0.003011       0.066912 -0.236215      1.000000  0.085790   \n",
       "zipcode         -0.270780       0.091052 -0.381669      0.085790  1.000000   \n",
       "lat             -0.009051       0.119757 -0.162305      0.038138  0.249538   \n",
       "long             0.351063      -0.161414  0.457225     -0.088824 -0.562848   \n",
       "\n",
       "                    lat      long  \n",
       "id            -0.000766  0.036036  \n",
       "price          0.321565  0.027493  \n",
       "bedrooms      -0.020569  0.140035  \n",
       "bathrooms      0.006813  0.279304  \n",
       "sqft_living    0.049552  0.243258  \n",
       "sqft_lot      -0.082236  0.219642  \n",
       "floors         0.025549  0.180657  \n",
       "waterfront    -0.020109 -0.048514  \n",
       "view          -0.008092 -0.094688  \n",
       "condition      0.010063 -0.142110  \n",
       "grade          0.113571  0.213039  \n",
       "sqft_above    -0.009051  0.351063  \n",
       "sqft_basement  0.119757 -0.161414  \n",
       "yr_built      -0.162305  0.457225  \n",
       "yr_renovated   0.038138 -0.088824  \n",
       "zipcode        0.249538 -0.562848  \n",
       "lat            1.000000 -0.120398  \n",
       "long          -0.120398  1.000000  "
      ]
     },
     "execution_count": 41,
     "metadata": {},
     "output_type": "execute_result"
    }
   ],
   "source": [
    "# checking the correlation matrix\n",
    "prop.corr()"
   ]
  },
  {
   "cell_type": "markdown",
   "metadata": {},
   "source": [
    "#### From the correlation matrix we can see that BATHROOM is correlated highly with  bedrooms ,sqft_living,grade and yr_built"
   ]
  },
  {
   "cell_type": "code",
   "execution_count": 42,
   "metadata": {},
   "outputs": [],
   "source": [
    "prop_out = prop[['bedrooms','sqft_living','grade','floors','yr_built','bathrooms']]"
   ]
  },
  {
   "cell_type": "markdown",
   "metadata": {},
   "source": [
    "## LINEAR MODEL"
   ]
  },
  {
   "cell_type": "code",
   "execution_count": 59,
   "metadata": {},
   "outputs": [
    {
     "name": "stdout",
     "output_type": "stream",
     "text": [
      "Fit a model X_train, and calculate MSE with Y_train: bathrooms    0.151091\n",
      "dtype: float64\n",
      "Fit a model X_train, and calculate MSE with X_test, Y_test: bathrooms    0.152363\n",
      "dtype: float64\n",
      "r-squared for this model =  0.6772585801962161\n",
      "adjusted r-squared for this model =  0.6768491397651297\n"
     ]
    }
   ],
   "source": [
    "# checking the R square score with linear model\n",
    "lin_reg = LinearRegression()\n",
    "data_without_null = prop_out[['bedrooms','sqft_living','grade','yr_built','bathrooms']].dropna()\n",
    "\n",
    "X_train, X_test, y_train, y_test = train_test_split(data_without_null.iloc[:,:-1],data_without_null.iloc[:,-1:],test_size =0.33,random_state=111)\n",
    "lin_reg.fit(X_train,y_train)\n",
    "pred_test = lin_reg.predict(X_test)\n",
    "pred_train = lin_reg.predict(X_train)\n",
    "print('Fit a model X_train, and calculate MSE with Y_train:', np.mean((y_train - lin_reg.predict(X_train)) ** 2))\n",
    "print('Fit a model X_train, and calculate MSE with X_test, Y_test:', np.mean((y_test - lin_reg.predict(X_test)) ** 2))\n",
    "\n",
    "\n",
    "#r squared \n",
    "r_square = lin_reg.score(X_test,y_test)\n",
    "print ('r-squared for this model = ',r_square)\n",
    "adjusted_r_square = 1 - (1-lin_reg.score(X_test, y_test))*(len(y_test)-1)/(len(y_test)-X_test.shape[1]-1)\n",
    "print ('adjusted r-squared for this model = ',adjusted_r_square)"
   ]
  },
  {
   "cell_type": "markdown",
   "metadata": {},
   "source": [
    "### The linear model has a r square score od 0.677 i.e 67.7% , checking if randomforest algorithm produces an improvement in the R square score\n",
    "\n",
    "* Random forest has many parameters that needs tuning "
   ]
  },
  {
   "cell_type": "code",
   "execution_count": 43,
   "metadata": {},
   "outputs": [
    {
     "name": "stdout",
     "output_type": "stream",
     "text": [
      "{'n_estimators': [200, 400, 600, 800, 1000, 1200, 1400, 1600, 1800, 2000], 'max_features': ['auto', 'sqrt'], 'max_depth': [10, 20, 30, 40, 50, 60, 70, 80, 90, 100, 110, None], 'min_samples_split': [2, 5, 10], 'min_samples_leaf': [1, 2, 4], 'bootstrap': [True, False]}\n"
     ]
    }
   ],
   "source": [
    "# Number of trees in random forest\n",
    "n_estimators = [int(x) for x in np.linspace(start = 200, stop = 2000, num = 10)]\n",
    "# Number of features to consider at every split\n",
    "max_features = ['auto', 'sqrt']\n",
    "# Maximum number of levels in tree\n",
    "max_depth = [int(x) for x in np.linspace(10, 110, num = 11)]\n",
    "max_depth.append(None)\n",
    "# Minimum number of samples required to split a node\n",
    "min_samples_split = [2, 5, 10]\n",
    "# Minimum number of samples required at each leaf node\n",
    "min_samples_leaf = [1, 2, 4]\n",
    "# Method of selecting samples for training each tree\n",
    "bootstrap = [True, False]\n",
    "# Create the random grid\n",
    "random_grid = {'n_estimators': n_estimators,\n",
    "               'max_features': max_features,\n",
    "               'max_depth': max_depth,\n",
    "               'min_samples_split': min_samples_split,\n",
    "               'min_samples_leaf': min_samples_leaf,\n",
    "               'bootstrap': bootstrap}\n",
    "print(random_grid)"
   ]
  },
  {
   "cell_type": "code",
   "execution_count": 44,
   "metadata": {},
   "outputs": [
    {
     "name": "stdout",
     "output_type": "stream",
     "text": [
      "Fitting 3 folds for each of 100 candidates, totalling 300 fits\n"
     ]
    },
    {
     "name": "stderr",
     "output_type": "stream",
     "text": [
      "[Parallel(n_jobs=-1)]: Done  33 tasks      | elapsed:  3.0min\n",
      "[Parallel(n_jobs=-1)]: Done 154 tasks      | elapsed: 13.2min\n",
      "[Parallel(n_jobs=-1)]: Done 300 out of 300 | elapsed: 25.1min finished\n"
     ]
    },
    {
     "data": {
      "text/plain": [
       "RandomizedSearchCV(cv=3, error_score='raise',\n",
       "          estimator=RandomForestRegressor(bootstrap=True, criterion='mse', max_depth=None,\n",
       "           max_features='auto', max_leaf_nodes=None,\n",
       "           min_impurity_decrease=0.0, min_impurity_split=None,\n",
       "           min_samples_leaf=1, min_samples_split=2,\n",
       "           min_weight_fraction_leaf=0.0, n_estimators=10, n_jobs=1,\n",
       "           oob_score=False, random_state=None, verbose=0, warm_start=False),\n",
       "          fit_params=None, iid=True, n_iter=100, n_jobs=-1,\n",
       "          param_distributions={'n_estimators': [200, 400, 600, 800, 1000, 1200, 1400, 1600, 1800, 2000], 'max_features': ['auto', 'sqrt'], 'max_depth': [10, 20, 30, 40, 50, 60, 70, 80, 90, 100, 110, None], 'min_samples_split': [2, 5, 10], 'min_samples_leaf': [1, 2, 4], 'bootstrap': [True, False]},\n",
       "          pre_dispatch='2*n_jobs', random_state=42, refit=True,\n",
       "          return_train_score='warn', scoring=None, verbose=2)"
      ]
     },
     "execution_count": 44,
     "metadata": {},
     "output_type": "execute_result"
    }
   ],
   "source": [
    "# randomforest model\n",
    "rf = RandomForestRegressor()\n",
    "\n",
    "data_without_null = prop_out[['bedrooms','sqft_living','grade','yr_built','bathrooms']].dropna()\n",
    "# splitting that data into train and test set\n",
    "X_train, X_test, y_train, y_test = train_test_split(data_without_null.iloc[:,:-1],data_without_null.iloc[:,-1:],test_size =0.33,random_state=111)\n",
    "\n",
    "# RandomizedSearchCV tries the various combinations and chooses the best parameter\n",
    "rf_random = RandomizedSearchCV(estimator = rf, param_distributions = random_grid, n_iter = 100, cv = 3, verbose=2, random_state=42, n_jobs = -1)\n",
    "\n",
    "#performing a fit on the train data\n",
    "rf_random.fit(X_train, y_train.values.ravel())"
   ]
  },
  {
   "cell_type": "code",
   "execution_count": 45,
   "metadata": {},
   "outputs": [
    {
     "data": {
      "text/plain": [
       "{'bootstrap': True,\n",
       " 'max_depth': 10,\n",
       " 'max_features': 'sqrt',\n",
       " 'min_samples_leaf': 2,\n",
       " 'min_samples_split': 10,\n",
       " 'n_estimators': 1000}"
      ]
     },
     "execution_count": 45,
     "metadata": {},
     "output_type": "execute_result"
    }
   ],
   "source": [
    "rf_random.best_params_"
   ]
  },
  {
   "cell_type": "code",
   "execution_count": 49,
   "metadata": {},
   "outputs": [
    {
     "name": "stdout",
     "output_type": "stream",
     "text": [
      "Model Performance\n",
      "Average Error: 0.2461 degrees.\n",
      "Accuracy = 87.02%.\n",
      "Fit a model X_test, and calculate MSE with X_test, Y_test: 0.10600021320177494\n",
      "r-squared for this model =  0.775466099141316\n",
      "adjusted r-squared for this model =  0.7751812480143149\n"
     ]
    }
   ],
   "source": [
    "# predicting the test data and checking the accuracy , R squared and adjusted r square\n",
    "\n",
    "predictions = rf_random.predict(X_test)\n",
    "errors = abs(predictions - y_test.values.ravel())\n",
    "mape = 100 * np.mean(errors / y_test.values.ravel())\n",
    "accuracy = 100 - mape\n",
    "print('Model Performance')\n",
    "print('Average Error: {:0.4f} degrees.'.format(np.mean(errors)))\n",
    "print('Accuracy = {:0.2f}%.'.format(accuracy))\n",
    "\n",
    "print('Fit a model X_test, and calculate MSE with X_test, Y_test:', np.mean((y_test.values.ravel() - rf_random.predict(X_test)) ** 2))\n",
    "\n",
    "#r squared \n",
    "r_square = rf_random.score(X_test,y_test)\n",
    "print ('r-squared for this model = ',r_square)\n",
    "adjusted_r_square = 1 - (1-rf_random.score(X_test, y_test))*(len(y_test)-1)/(len(y_test)-X_test.shape[1]-1)\n",
    "print ('adjusted r-squared for this model = ',adjusted_r_square)\n",
    "\n"
   ]
  },
  {
   "cell_type": "markdown",
   "metadata": {},
   "source": [
    "### randomforest produced an increase in the R square score so i choose this algorithm over linear regression"
   ]
  },
  {
   "cell_type": "code",
   "execution_count": 52,
   "metadata": {},
   "outputs": [
    {
     "data": {
      "text/plain": [
       "Text(0,0.5,'residuals')"
      ]
     },
     "execution_count": 52,
     "metadata": {},
     "output_type": "execute_result"
    },
    {
     "data": {
